train_csv: lgb_proceeded_train_20200116_102618_20200117_211130
lgb_loss: 0.5000142216211725
lgb_loss: 0.5014402349161406
lgb_loss: 0.5307752880157526
seed_average_loss: 0.5107432481843552
