train_csv: lgb_proceeded_train_20200116_102618_20200117_100636
lgb_loss: 0.5454602595636443
mlp_loss: 0.5317158075850237
model_average_loss: 0.5451972294845624
lgb_loss: 0.5361175045159876
mlp_loss: 0.5260327349162641
model_average_loss: 0.5334419586412666
lgb_loss: 0.5291223225196706
mlp_loss: 0.512926050293649
model_average_loss: 0.5318392120055774
seed_average_loss: 0.5368261333771355
