train_csv: lgb_proceeded_train_20200116_102618_20200117_200529
mlp_loss: 0.5176199679855051
mlp_loss: 0.5252756729759905
