val_loss: 0.5563220154788889
val_loss: 0.5414122692242226
val_loss: 0.5605886953911281
val_loss: 0.5527743266980799
train_csv: lgb_proceeded_train_20200115_224055_20200116_085916
