train_csv: lgb_proceeded_train_20200116_102618_20200118_000428
lgb_loss: 0.5133042571734485
lgb_loss: 0.5202550354395694
lgb_loss: 0.5138211756104472
seed_average_loss: 0.5157934894078217
