train_csv: lgb_proceeded_train_20200116_102618_20200117_181606
mlp_loss: 0.5050233377961798
mlp_loss: 0.5418915187282021
mlp_loss: 0.5365770600064075
seed_average_loss: 0.5278306388435964
base_model
