train_csv: lgb_proceeded_train_20200116_102618_20200117_103724

 mlp_ratio: 0.0
lgb_loss: 0.0
mlp_loss: 0.17482905289812223
model_average_loss: 0.17482905289812223
