train_csv: lgb_proceeded_train_20200116_102618_20200117_235316
lgb_loss: 0.5147509689214081
lgb_loss: 0.5320087426951441
lgb_loss: 0.5335096892516412
seed_average_loss: 0.5267564669560644
