train_csv: lgb_proceeded_train_20200116_102618_20200117_232510
lgb_loss: 0.5103264245964063
lgb_loss: 0.528269215656767
lgb_loss: 0.5347582428211469
seed_average_loss: 0.5244512943581068
