train_csv: lgb_proceeded_train_20200116_102618_20200117_103747

mlp_ratio: 0.0
lgb_loss: 0.0
mlp_loss: 0.17310139022153093
model_average_loss: 0.17310139022153093
lgb_loss: 0.0
mlp_loss: 0.16342374276227234
model_average_loss: 0.16342374276227234
lgb_loss: 0.0
mlp_loss: 0.1380687754475165
model_average_loss: 0.1380687754475165
seed_average_loss: 0.1581979694771066

mlp_ratio: 0.1
