train_csv: lgb_proceeded_train_20200116_102618_20200117_100244
lgb_loss: 0.5099930165704778
mlp_loss: 0.17482905289812223
model_average_loss: 0.42436871377795493
lgb_loss: 0.5005762169856636
mlp_loss: 0.16092251315308181
model_average_loss: 0.40188053865856055
lgb_loss: 0.46649088983042997
mlp_loss: 0.13345964539757904
model_average_loss: 0.3690942968021814
seed_average_loss: 0.3984478497462323
