train_csv: lgb_proceeded_train_20200116_102618_20200117_204519
mlp_loss: 0.8513971852793172
mlp_loss: 0.8315136251311864
mlp_loss: 0.8309466314113806
seed_average_loss: 0.8379524806072948
