train_csv: lgb_proceeded_train_20200116_102618_20200118_000012
lgb_loss: 0.5137664450720647
lgb_loss: 0.5214188810163951
lgb_loss: 0.5165593886973464
seed_average_loss: 0.5172482382619354
