train_csv: lgb_proceeded_train_20200116_102618_20200118_022032
lgb_loss: 0.4709527925467295
lgb_loss: 0.48393155515646025
fold_0_seed_average_loss: 0.4774421738515949
lgb_loss: 0.4390237340106612
lgb_loss: 0.4830382986281656
fold_1_seed_average_loss: 0.4610310163194134
seed_brending_loss: 0.5288566219951722
