val_loss: 0.5508945186010051
val_loss: 0.5364783170582058
val_loss: 0.556005994063205
val_loss: 0.5477929432408053
train_csv: lgb_proceeded_train_20200115_224055_20200116_085457
