train_csv: lgb_proceeded_train_20200116_102618_20200118_021627
lgb_loss: 0.4709527925467295
lgb_loss: 0.48393155515646025
fold_0_seed_average_loss: 0.4774421738515949
