val_loss: 0.5528398919762234
val_loss: 0.5429382135486858
val_loss: 0.5655748899537913
val_loss: 0.5537843318262335
train_csv: lgb_proceeded_train_20200116_102618_20200116_102858
