train_csv: lgb_proceeded_train_20200116_102618_20200117_210903
lgb_loss: 0.5231386085735459
lgb_loss: 0.5373406313909239
lgb_loss: 0.5295881643384496
seed_average_loss: 0.5300224681009732
