train_csv: lgb_proceeded_train_20200116_102618_20200117_102245
lgb_loss: 0.0
mlp_loss: 0.17661908782207003
model_average_loss: 0.30095637228670824
lgb_loss: 0.0
mlp_loss: 0.16450122760974373
model_average_loss: 0.2858648088456961
lgb_loss: 0.0
mlp_loss: 0.13306591490715802
model_average_loss: 0.2212702354123629
seed_average_loss: 0.2693638055149224
