train_csv: lgb_proceeded_train_20200116_102618_20200118_002417
lgb_loss: 0.4980483095339745
lgb_loss: 0.48308980035123983
lgb_loss: 0.5190893775240223
seed_average_loss: 0.5000758291364122
