train_csv: lgb_proceeded_train_20200116_102618_20200117_210315
mlp_loss: 0.4966324309013075
mlp_loss: 0.5087454565811098
mlp_loss: 0.494712925365804
seed_average_loss: 0.5000302709494071
