val_loss: 0.5521848142575481
val_loss: 0.5456015957282941
val_loss: 0.5631620335136955
val_loss: 0.5536494811665126
train_csv: lgb_proceeded_train_20200116_102618_20200116_103518
