train_csv: lgb_proceeded_train_20200116_102618_20200117_201604
mlp_loss: 0.52128682824513
mlp_loss: 0.5230189391721447
mlp_loss: 0.5417232423421459
seed_average_loss: 0.5286763365864735
