val_loss: 0.23095172917236972
val_loss: 0.1541306053045175
val_loss: 0.10863922589397723
val_loss: 0.16457385345695483
train_csv: lgb_proceeded_train_20200116_102618_20200117_092930
