val_loss: 0.5476197891112293
val_loss: 0.5379770615409123
val_loss: 0.5600874636111519
val_loss: 0.5485614380877645
train_csv: lgb_proceeded_train_20200115_224055_20200116_084736
