val_loss: 0.5494489356967254
val_loss: 0.5384189685647112
val_loss: 0.5608134472433137
val_loss: 0.5495604505015834
train_csv: lgb_proceeded_train_20200116_102618_20200116_105336
